Seconds,Nanoseconds,Commit_Count,Identity_Count,Account_Count,Info_Count,Buffer_Occupancy_Pct,CPU_Pct
1788775232,712164643,0,0,0,0,0.00,8.35
1788775233,712166058,24,0,0,0,0.00,16.02
1788775234,712150179,55,0,0,0,0.00,26.51
1788775235,712149725,50,0,0,0,0.00,18.89
1788775236,712134873,36,0,0,0,0.00,17.85
1788775237,712170714,29,2,3,0,0.00,18.39
1788775238,712146202,55,0,0,0,0.00,25.10
1788775239,712131013,62,1,0,0,0.00,24.45
1788775240,712167119,52,0,0,0,0.00,24.90
1788775241,712146905,51,2,1,0,0.00,21.65
1788775242,712246173,63,1,1,0,0.00,22.46
1788775243,712134905,33,0,0,0,0.00,20.44
1788775244,712165614,53,0,0,0,0.00,21.26
1788775245,712166019,46,2,0,0,0.00,14.00
1788775246,712146667,65,0,0,0,0.00,20.71
1788775247,712145498,49,1,1,0,0.00,23.26
1788775248,712539952,47,1,1,0,0.00,22.59
1788775249,712138465,31,0,0,0,0.00,14.21
1788775250,712132505,28,0,0,0,0.00,22.35
1788775251,712145182,51,0,0,0,0.00,21.64
1788775252,712165594,50,1,1,0,0.00,24.33
1788775253,712137141,20,0,0,0,0.00,7.36
1788775254,712129529,65,0,0,0,0.00,14.95
1788775255,712144627,66,1,2,0,0.00,14.55
1788775256,712233640,16,0,0,0,0.00,16.71
1788775257,712165846,62,0,0,0,0.00,7.87
1788775258,712131527,37,1,1,0,0.00,15.02
1788775259,712140445,24,0,0,0,0.00,12.86
1788775260,712145639,31,0,0,0,0.00,14.75
1788775261,712178159,33,0,0,0,0.00,11.27
1788775262,712541677,24,0,0,0,0.00,8.38
1788775263,712136844,35,0,0,0,0.00,11.72
1788775264,712199813,19,0,0,0,0.00,17.00
1788775265,712341219,16,0,0,0,0.00,11.74
1788775266,712200812,18,0,0,0,0.00,11.57
1788775267,712137103,21,1,0,0,0.00,11.34
1788775268,712402822,20,0,0,0,0.00,16.23
1788775269,712384875,13,0,0,0,0.00,5.35
1788775270,712182988,19,0,0,0,0.00,11.75
1788775271,712132265,10,0,0,0,0.00,9.98
1788775272,712176367,7,0,0,0,0.00,9.72
1788775273,712346290,19,0,0,0,0.00,11.14
1788775274,712348133,15,0,0,0,0.00,14.55
1788775275,712133481,18,0,0,0,0.00,13.42
1788775276,712347139,35,0,0,0,0.00,15.15
1788775277,712179099,27,0,0,0,0.00,11.30
1788775278,712185016,31,0,0,0,0.00,11.04
1788775279,712132713,109,1,0,0,0.00,15.95
1788775280,712154633,221,4,5,0,0.00,20.49
1788775281,712145202,123,0,0,0,0.00,16.09
1788775282,712152917,33,0,0,0,0.00,22.32
1788775283,712132209,54,1,1,0,0.00,15.28
1788775284,712168423,31,3,2,0,0.00,15.75
1788775285,712159460,42,1,1,0,0.00,27.55
1788775286,712398744,35,0,1,0,0.00,23.85
1788775287,712165867,42,1,1,0,0.00,11.79
1788775288,712402096,34,1,1,0,0.00,28.82
1788775289,712395437,24,1,1,0,0.00,17.14
1788775290,712480887,40,0,0,0,0.00,23.81
1788775291,712570852,34,0,0,0,0.00,10.12
1788775292,712132837,42,0,0,0,0.00,15.49
1788775293,712410850,30,0,1,0,0.00,23.39
1788775294,712461841,38,0,0,0,0.00,24.75
1788775295,712398156,37,0,0,0,0.00,9.29
1788775296,712310661,21,0,0,0,0.00,13.31
1788775297,712392927,28,0,0,0,0.00,17.67
1788775298,712140331,35,0,0,0,0.00,17.30
1788775299,712170275,25,0,0,0,0.00,17.77
1788775300,712128308,28,0,0,0,0.00,17.25
1788775301,712127974,16,0,0,0,0.00,25.38
1788775302,712139071,45,0,0,0,0.00,27.17
1788775303,712181095,22,0,0,0,0.00,14.20
1788775304,712137380,56,1,2,0,0.00,13.91
1788775305,712144701,34,0,0,0,0.00,13.64
1788775306,712165705,49,0,1,0,0.00,23.57
1788775307,712169412,40,0,0,0,0.00,21.22
1788775308,712143328,31,1,1,0,0.00,16.78
1788775309,712171112,38,0,0,0,0.00,12.33
1788775310,712134793,42,0,0,0,0.00,27.77
1788775311,712136607,56,0,0,0,0.00,23.26
1788775312,712175523,24,0,0,0,0.00,25.17
1788775313,712170792,22,1,1,0,0.00,13.09
1788775314,712154294,50,0,0,0,0.00,18.59
1788775315,712171956,49,1,0,0,0.00,39.09
1788775316,712179394,31,0,0,0,0.00,21.14
1788775317,712172660,22,0,0,0,0.00,9.82
1788775318,712171192,47,2,2,0,0.00,10.91
1788775319,712170347,53,0,0,0,0.00,28.16
1788775320,712170324,39,0,0,0,0.00,26.62
1788775321,712172684,26,0,1,0,0.00,9.21
1788775322,712130157,36,0,0,0,0.00,21.01
1788775323,712170575,24,1,1,0,0.00,21.85
1788775324,712130073,52,0,0,0,0.00,23.24
1788775325,712198906,40,0,0,0,0.00,20.52
1788775326,712130838,54,0,0,0,0.00,23.24
1788775327,712142480,37,1,2,0,0.00,28.02
1788775328,712169000,47,1,1,0,0.00,28.70
1788775329,712144481,25,1,1,0,0.00,23.76
1788775330,712132122,30,1,1,0,0.00,24.47
